geolocation: Singapore
lastAccountName: acepikachu
timestamps:
  login: 1530447853264
  logout: 1530450497658
  lastteleport: 1530450203765
ipAddress: 116.14.156.168
lastlocation:
  world: world
  x: -4437.98131669632
  y: 64.0
  z: -3047.0831021710483
  yaw: -10.350586
  pitch: -9.258019
money: '711.0'
logoutlocation:
  world: world
  x: -3554.7336638512684
  y: 56.0
  z: -2657.357698703879
  yaw: 14.988091
  pitch: 12.861374
homes:
  home:
    world: world
    x: -3553.300000011921
    y: 56.0
    z: -2658.224282874252
    yaw: 143.77463
    pitch: 23.473646
