geolocation: United States
lastAccountName: SaKud9
timestamps:
  login: 1530119460362
  kits:
    tools: 1530119773825
  logout: 1530120521484
ipAddress: 24.180.172.98
lastlocation:
  world: world
  x: -201.5
  y: 69.0
  z: 240.5
  yaw: 0.0
  pitch: 0.0
money: '50'
homes:
  home:
    world: world
    x: 3533.7446142559097
    y: 66.0
    z: -2734.3755956296163
    yaw: -68.630394
    pitch: 5.8323483
logoutlocation:
  world: world
  x: -4906.491377027996
  y: 87.0
  z: -3941.300000011921
  yaw: -1.7378631
  pitch: 55.1419
