geolocation: Australia
lastAccountName: iTzBenjy
timestamps:
  login: 1530498475828
  logout: 1530498565450
ipAddress: 60.224.19.230
lastlocation:
  world: world
  x: -201.5
  y: 69.0
  z: 240.5
  yaw: 0.0
  pitch: 0.0
money: '50'
logoutlocation:
  world: spawn
  x: 226.92077754506045
  y: 70.0
  z: 420.254740391452
  yaw: 83.47657
  pitch: 16.648273
