geolocation: Singapore
lastAccountName: GhoulDeLox
timestamps:
  login: 1530417685724
  lastteleport: 1530417770331
  logout: 1530417883702
ipAddress: 58.96.236.46
lastlocation:
  world: spawn
  x: 259.66335172088435
  y: 73.0
  z: 297.47676436054553
  yaw: 71.85543
  pitch: -1.6499442
money: '710'
homes:
  home:
    world: world
    x: -4559.717917982083
    y: 74.0
    z: -706.4182242662732
    yaw: 66.30032
    pitch: 14.550001
logoutlocation:
  world: world
  x: -4547.382959258506
  y: 67.0
  z: -672.0763331088351
  yaw: 222.60028
  pitch: -2.5499988
