geolocation: Singapore
lastAccountName: o0FlyMonk0o
timestamps:
  login: 1530630475048
  logout: 1530630733652
ipAddress: 218.186.193.49
lastlocation:
  world: world
  x: -201.5
  y: 69.0
  z: 240.5
  yaw: 0.0
  pitch: 0.0
money: '560'
logoutlocation:
  world: spawn
  x: 215.06112033437051
  y: 70.0
  z: 429.4367741030007
  yaw: 323.99805
  pitch: 14.250013
