lastAccountName: Specialise
timestamps:
  login: 1530704065055
  logout: 1530704148528
ipAddress: 58.182.192.91
geolocation: Singapore
lastlocation:
  world: world
  x: -201.5
  y: 69.0
  z: 240.5
  yaw: 0.0
  pitch: 0.0
money: '560'
logoutlocation:
  world: spawn
  x: 228.0162280858464
  y: 70.0
  z: 431.5106826834707
  yaw: -299.7461
  pitch: 1.8757801
