geolocation: Singapore
lastAccountName: LeagueOfPros
timestamps:
  login: 1530931646863
  logout: 1530935107088
  lastteleport: 1530934542044
ipAddress: 218.212.178.28
lastlocation:
  world: world
  x: -4062.5425566833
  y: 104.8958866807891
  z: 4609.7743712861375
  yaw: -303.5278
  pitch: 89.79045
money: '871.50088800000149578'
logoutlocation:
  world: world_the_end
  x: -0.3003654441313004
  y: 2.5
  z: -302.7263834113825
  yaw: -236.89526
  pitch: 13.77645
homes:
  home:
    world: world
    x: -291.53184129917514
    y: 52.0
    z: 3318.5044141056915
    yaw: 54.714905
    pitch: 21.005894
afk: false
