geolocation: United Kingdom
lastAccountName: Adzuki_
timestamps:
  login: 1531134027094
  logout: 1531134037219
ipAddress: 90.193.145.57
lastlocation:
  world: world
  x: -201.5
  y: 69.0
  z: 240.5
  yaw: 0.0
  pitch: 0.0
money: '610'
logoutlocation:
  world: spawn
  x: 227.69999998807893
  y: 90.0
  z: 325.1610244939311
  yaw: -354.74994
  pitch: 32.100025
