geolocation: Singapore
lastAccountName: SyafiqGaming
timestamps:
  login: 1530201574626
  lastteleport: 1530191726559
  logout: 1530201658792
ipAddress: 183.90.119.133
lastlocation:
  world: spawn
  x: 233.32970521467624
  y: 70.0
  z: 415.1328822306546
  yaw: 6.9000244
  pitch: 0.74998134
money: '652.0'
logoutlocation:
  world: spawn
  x: 157.7609100974692
  y: 85.0
  z: 392.40884200154227
  yaw: 48.343517
  pitch: 31.254622
