geolocation: Singapore
lastAccountName: iFart69
timestamps:
  login: 1530424835225
  lastteleport: 1530423691260
  logout: 1530425655272
ipAddress: 39.109.163.50
lastlocation:
  world: spawn
  x: 242.2090638419557
  y: 70.0
  z: 412.4164896297579
  yaw: -257.10138
  pitch: 0.44993767
money: '153.0'
logoutlocation:
  world: world
  x: -2075.231112007205
  y: 110.5
  z: 2625.1409812297543
  yaw: -28.504807
  pitch: 14.699604
