geolocation: Singapore
lastAccountName: Qlause
timestamps:
  login: 1530452023454
  logout: 1530456497244
  lastteleport: 1530450873100
  mute: 0
ipAddress: 42.60.25.21
lastlocation:
  world: spawn
  x: 192.34646369143147
  y: 111.0
  z: 315.4816419422
  yaw: 91.64926
  pitch: 16.199842
money: '5067.49600000000003746'
logoutlocation:
  world: spawn
  x: 230.6197719754489
  y: 87.0
  z: 379.30000001192093
  yaw: -151.50134
  pitch: -9.449949
afk: false
homes:
  home:
    world: world
    x: 3718.3456964803268
    y: 64.0
    z: -2232.99313022063
    yaw: -174.2666
    pitch: 6.000364
muted: true
