geolocation: Singapore
lastAccountName: NabeiCb
timestamps:
  login: 1530447517577
  lastteleport: 1530449967004
  logout: 1530450409969
ipAddress: 116.14.156.168
lastlocation:
  world: world
  x: -3542.300000011921
  y: 7.0
  z: -2685.300000011921
  yaw: 268.79688
  pitch: 22.200096
money: '1699.1486400000001926'
logoutlocation:
  world: world
  x: -3554.983249263275
  y: 56.0
  z: -2658.5549744788846
  yaw: -189.75146
  pitch: 25.949898
homes:
  home:
    world: world
    x: -3554.789658103676
    y: 56.0
    z: -2657.4154964792824
    yaw: 174.29832
    pitch: 23.249918
