geolocation: United Kingdom
lastAccountName: Castlekiller64
timestamps:
  login: 1530822669702
  logout: 1530823050899
ipAddress: 81.132.36.177
lastlocation:
  world: world
  x: -201.5
  y: 69.0
  z: 240.5
  yaw: 0.0
  pitch: 0.0
money: '660'
logoutlocation:
  world: spawn
  x: 160.42093138500172
  y: 120.74718866953235
  z: 314.48223471792824
  yaw: 59.688965
  pitch: 57.599777
