geolocation: Singapore
lastAccountName: VANXEUS
timestamps:
  login: 1530424812707
  logout: 1530425656160
ipAddress: 42.60.97.208
lastlocation:
  world: world
  x: -201.5
  y: 69.0
  z: 240.5
  yaw: 0.0
  pitch: 0.0
money: '150'
logoutlocation:
  world: world
  x: -5403.654066318393
  y: 91.0
  z: -992.3215035556101
  yaw: 162.70808
  pitch: 9.906262
