geolocation: Singapore
lastAccountName: RetroKittyNya
timestamps:
  login: 1530869298770
  lastteleport: 1530506274089
  logout: 1530870734809
ipAddress: 218.212.75.35
lastlocation:
  world: world
  x: -1867.2635012847454
  y: 56.0
  z: -467.500215575033
  yaw: -30.044888
  pitch: 43.949963
money: '373.22840000000025594'
homes:
  home:
    world: world
    x: -1883.0731743660397
    y: 70.0
    z: -408.87919764662297
    yaw: -268.39087
    pitch: -0.59960234
logoutlocation:
  world: world
  x: -1872.0890971380072
  y: 69.9375
  z: -410.19216569432564
  yaw: -293.5918
  pitch: 4.500426
afk: false
