geolocation: Singapore
lastAccountName: NRDN
timestamps:
  login: 1530270551765
  lastteleport: 1530270884907
  logout: 1530271129130
ipAddress: 27.100.23.72
lastlocation:
  world: world
  x: -4007.3607442590937
  y: 71.0
  z: 1785.451665187674
  yaw: 119.55011
  pitch: 7.500039
money: '660'
logoutlocation:
  world: spawn
  x: 168.30000001192093
  y: 75.01999999910593
  z: 272.5683103442555
  yaw: 51.5578
  pitch: 17.999977
