geolocation: Belgium
lastAccountName: spikeman1
timestamps:
  login: 1530823799313
  logout: 1530823880017
ipAddress: 85.27.76.34
lastlocation:
  world: world
  x: -201.5
  y: 69.0
  z: 240.5
  yaw: 0.0
  pitch: 0.0
money: '560'
logoutlocation:
  world: spawn
  x: 215.38702991193335
  y: 82.0
  z: 431.48384505950247
  yaw: -15.1658325
  pitch: 23.680353
