geolocation: Singapore
lastAccountName: NotSmarties
timestamps:
  login: 1530677871573
  kits:
    tools: 1530678109281
  lastteleport: 1530678312659
  logout: 1530678371735
ipAddress: 103.241.62.25
lastlocation:
  world: spawn
  x: 231.5
  y: 69.0
  z: 460.5
  yaw: -270.4502
  pitch: -7.3500285
money: '660'
homes:
  home:
    world: spawn
    x: 236.23322126372088
    y: 70.0
    z: 410.2569450737829
    yaw: -159.00052
    pitch: 11.099968
logoutlocation:
  world: world
  x: -3319.253677186605
  y: 71.0
  z: -2063.037874636008
  yaw: 211.34892
  pitch: 20.700172
