geolocation: United Kingdom
lastAccountName: DixDailyYT
timestamps:
  login: 1530549936913
  logout: 1530549963400
ipAddress: 81.170.61.77
lastlocation:
  world: world
  x: -201.5
  y: 69.0
  z: 240.5
  yaw: 0.0
  pitch: 0.0
money: '710'
logoutlocation:
  world: spawn
  x: 273.1745348347523
  y: 72.0
  z: 342.54551113462355
  yaw: -90.15076
  pitch: 16.199955
