geolocation: Serbia
lastAccountName: ToTheHub
timestamps:
  login: 1530690438066
  logout: 1530710500748
  lastteleport: 1530706802486
ipAddress: 95.85.177.104
lastlocation:
  world: world
  x: 3134.3540752757913
  y: 64.95029663655033
  z: -4499.660994086965
  yaw: 247.51207
  pitch: 9.749994
money: '1014.4100000000000131'
logoutlocation:
  world: world
  x: 3293.924851389867
  y: 65.0
  z: -4876.323424542554
  yaw: -34.262512
  pitch: 27.15006
afk: false
