geolocation: Singapore
lastAccountName: LittleNoodle1234
timestamps:
  login: 1530437006597
  logout: 1530437016164
  lastteleport: 1530436298928
ipAddress: 42.60.25.21
lastlocation:
  world: world
  x: 55.39720264551014
  y: 78.0
  z: -1195.533426227444
  yaw: -80.09394
  pitch: 4.6499963
money: '0.0'
logoutlocation:
  world: spawn
  x: 235.84133474537924
  y: 71.5
  z: 416.73530791245406
  yaw: -138.45096
  pitch: 11.549979
