geolocation: Serbia
lastAccountName: johangroth2302
timestamps:
  login: 1530724026923
  lastteleport: 1530724149380
  logout: 1530738619413
ipAddress: 95.85.177.104
lastlocation:
  world: world
  x: -3458.775126870908
  y: 72.0
  z: 300.1624229397931
  yaw: 201.59993
  pitch: 21.900047
money: '2804.24000000000003550'
logoutlocation:
  world: world
  x: 2777.300000011921
  y: 43.0
  z: -4943.699999988079
  yaw: -78.53662
  pitch: 10.650017
