geolocation: Serbia
lastAccountName: BIRTHDAY_CAT
timestamps:
  login: 1530690510226
  lastteleport: 1530707043261
  logout: 1530710497138
ipAddress: 46.40.29.124
lastlocation:
  world: spawn
  x: 231.46472201245228
  y: 69.0
  z: 460.56202110652157
  yaw: -270.45023
  pitch: 8.699972
money: '4087.5518750000000174'
afk: false
logoutlocation:
  world: world
  x: 3295.237987693579
  y: 64.0
  z: -4868.01121862261
  yaw: -74.30505
  pitch: 33.300175
