lastAccountName: Mr_Autismo
timestamps:
  login: 1530822450134
  logout: 1530823608654
ipAddress: 86.161.147.170
geolocation: United Kingdom
lastlocation:
  world: world
  x: -201.5
  y: 69.0
  z: 240.5
  yaw: 0.0
  pitch: 0.0
money: '50'
logoutlocation:
  world: spawn
  x: 97.17421551309518
  y: 58.0
  z: 468.5652594531189
  yaw: 19.996704
  pitch: 9.380283
