geolocation: United States
lastAccountName: TheRealPikampy
timestamps:
  login: 1530136376328
  logout: 1530136616546
ipAddress: 73.215.6.27
lastlocation:
  world: world
  x: -201.5
  y: 69.0
  z: 240.5
  yaw: 0.0
  pitch: 0.0
money: '660'
logoutlocation:
  world: world
  x: 753.6999999880791
  y: 80.0
  z: -2114.699999988079
  yaw: -168.59993
  pitch: -6.9000235
