geolocation: United Kingdom
lastAccountName: RobticRobbie
timestamps:
  login: 1530822784219
  logout: 1530823026871
ipAddress: 5.66.20.107
lastlocation:
  world: world
  x: -201.5
  y: 69.0
  z: 240.5
  yaw: 0.0
  pitch: 0.0
money: '560'
logoutlocation:
  world: spawn
  x: 228.05394535820716
  y: 70.0
  z: 424.9656985184089
  yaw: 40.95002
  pitch: 15.299995
