geolocation: Singapore
lastAccountName: Cyardasa
timestamps:
  login: 1530272591555
  logout: 1530275406805
  lastteleport: 1530275198237
ipAddress: 183.90.84.109
lastlocation:
  world: spawn
  x: 163.51781843978034
  y: 130.0
  z: 334.57134100980613
  yaw: 77.46812
  pitch: 36.093163
money: '648.0'
logoutlocation:
  world: spawn
  x: 223.5619673821729
  y: 75.0
  z: 419.7123706166946
  yaw: -58.7648
  pitch: 19.05005
