geolocation: Belgium
lastAccountName: RedstoneTrip
timestamps:
  login: 1530351125865
  logout: 1530351232270
  lastteleport: 1530306047983
ipAddress: 178.118.211.71
logoutlocation:
  world: world
  x: 831.9002600600022
  y: 11.0
  z: -2832.722417388445
  yaw: -357.02783
  pitch: 16.843605
lastlocation:
  world: world
  x: 829.3704618747128
  y: 64.0
  z: -2845.2482642562577
  yaw: -13.51709
  pitch: 26.361032
money: '2143.82140000000074968'
homes:
  home:
    world: world
    x: 829.4361679984122
    y: 11.0
    z: -2833.8554176373063
    yaw: -180.23297
    pitch: 14.168304
afk: false
