geolocation: United States
lastAccountName: XxInfernoFlamexX
timestamps:
  login: 1530678495438
  kits:
    tools: 1530484407839
  lastteleport: 1530679951029
  logout: 1530679961578
ipAddress: 173.91.182.238
lastlocation:
  world: world
  x: 2288.2570974904506
  y: 68.625
  z: -1719.5380347624562
  yaw: 76.78032
  pitch: 15.000022
money: '3225.48080000000030968'
afk: false
logoutlocation:
  world: world
  x: 1967.6685507788263
  y: 63.0
  z: -905.1300908398615
  yaw: 160.03004
  pitch: 25.04999
homes:
  home:
    world: world
    x: 1970.583444333644
    y: 63.0
    z: -904.3000000119209
    yaw: -278.86996
    pitch: 49.050095
