geolocation: United States
lastAccountName: VivAYY
timestamps:
  login: 1530118788544
  kits:
    tools: 1530119156615
  logout: 1530119596939
ipAddress: 47.16.117.198
lastlocation:
  world: spawn
  x: 3495.5
  y: -633.3950099677049
  z: -3557.5
  yaw: -49.19999
  pitch: 29.550007
money: '659.0'
logoutlocation:
  world: world
  x: 5215.7447202915755
  y: 63.0
  z: 172.6064745172776
  yaw: 234.45015
  pitch: 12.299996
