geolocation: Serbia
lastAccountName: saviour_stew
timestamps:
  login: 1530720888505
  lastteleport: 1530718832310
  logout: 1530738619489
ipAddress: 46.40.29.124
lastlocation:
  world: world
  x: -2113.9045265188665
  y: 72.0
  z: -3648.184161086566
  yaw: 190.80017
  pitch: 19.94998
money: '2046.80000000000002092'
logoutlocation:
  world: world
  x: 2779.5287091030095
  y: 43.0
  z: -4942.974969688163
  yaw: -261.9004
  pitch: 24.450104
afk: false
