lastAccountName: RivenFizz
timestamps:
  login: 1531042845108
  logout: 1531042919241
ipAddress: 202.74.240.181
geolocation: Bangladesh
lastlocation:
  world: world
  x: -201.5
  y: 69.0
  z: 240.5
  yaw: 0.0
  pitch: 0.0
money: '560'
logoutlocation:
  world: spawn
  x: 224.7503041851041
  y: 70.0
  z: 463.1708281679239
  yaw: 259.49985
  pitch: 30.45
