lastAccountName: HarukiGrande
timestamps:
  login: 1531158798616
  lastteleport: 1531158981500
  logout: 1531159180329
ipAddress: 81.174.162.197
geolocation: United Kingdom
lastlocation:
  world: world
  x: 386.5081657887801
  y: 52.0
  z: -3286.380208406935
  yaw: 181.17964
  pitch: 35.249985
money: '24998.75590560000278544'
afk: false
logoutlocation:
  world: world
  x: 419.99930191558974
  y: 63.0
  z: -3284.3313874513233
  yaw: 353.23044
  pitch: 20.4
homes:
  home:
    world: world
    x: 1350.772741937806
    y: 73.0
    z: -21897.30000001192
    yaw: 177.87317
    pitch: 23.550037
