spawns: 
  default: 
    world: spawn
    x: 231.46472201245228
    y: 69.0625
    z: 460.56202110652157
    yaw: -270.4502
    pitch: -7.3500285
  newbies: 
    world: spawn
    x: 231.46472201245228
    y: 69.0625
    z: 460.56202110652157
    yaw: -270.4502
    pitch: -7.3500285
  newbie: 
    world: spawn
    x: 231.46472201245228
    y: 69.0625
    z: 460.56202110652157
    yaw: -270.4502
    pitch: -7.3500285
