world: spawn
x: 126.87543200841671
y: 83.5
z: 383.92677303507463
yaw: -134.84421
pitch: -7.2000055
name: Farm
lastowner: a65d1ac7-a445-4a16-a20f-36b9d0c6f8d3
